300.70837	443.06052
303.04144	655.133
305.37347	284.40097
307.7045	351.89273
310.03452	706.02979
312.36349	793.69336
314.69147	1078.3762
317.0184	1129.7134
319.34433	1242.9199
321.66925	1232.7488
323.99313	1835.7489
326.31601	1851.8422
328.63785	2094.2683
330.95871	1588.5439
333.27853	1285.8335
335.59735	811.33179
337.91516	-0.22839794
340.23193	611.50195
342.5477	316.55707
344.86249	0.17033331
347.17624	137.14655
349.48895	86.960213
351.80069	254.9624
354.11142	626.96246
356.42114	619.47748
358.72983	599.84406
361.03754	572.93616
363.34421	822.72614
365.6499	1151.3103
367.95456	1197.0476
370.25824	1718.9598
372.56091	2007.6294
374.86258	2349.1035
377.16324	2149.137
379.46289	2252.8865
381.76154	2245.8174
384.05917	2241.5469
386.35583	1999.506
388.65146	1764.9589
390.94611	1763.1101
393.23978	1636.5104
395.53241	2032.6896
397.82407	2015.5627
400.11472	1749.0194
402.40436	1679.8368
404.69302	1599.3389
406.98068	1550.1653
409.26733	1443.9402
411.55301	1626.3118
413.83768	1470.8256
416.12137	1396.4421
418.40405	1340.7377
420.68576	1492.0868
422.96646	1404.5775
425.24615	1349.9467
427.52487	1508.3536
429.80261	1460.0936
432.07935	1616.0668
434.3551	1683.4987
436.62985	1301.6993
438.90363	1244.3119
441.17642	1412.5493
443.44821	1287.4208
445.71902	1186.3932
447.98886	1304.7729
450.25769	1321.6238
452.52554	1554.717
454.79242	1439.4175
457.05832	1282.0466
459.32321	1313.5194
461.58713	1276.353
463.85007	1033.4041
466.11203	1038.8765
468.37302	987.43524
470.633	881.10809
472.89203	841.27557
475.15005	866.41785
477.4071	862.68048
479.66321	764.87292
481.9183	862.80719
484.17242	976.1911
486.42557	1103.2592
488.67773	1435.1171
490.92896	2083.7495
493.17917	3543.5466
495.42841	4733.2427
497.6767	4089.4202
499.92398	2591.2849
502.17032	1656.6888
504.41568	1533.4518
506.66006	1606.6941
508.90347	1463.9269
511.14594	1423.2867
513.38739	1392.479
515.62793	1380.0004
517.86743	1721.0747
520.10602	1606.2769
522.34363	1324.1403
524.58026	1095.0895
526.81592	1207.3616
529.0506	1413.6117
531.28436	1472.5226
533.51715	1366.1392
535.74896	1486.163
537.9798	1729.1549
540.20966	2028.1915
542.4386	3626.2209
544.66656	5403.5024
546.89355	5699.7334
549.11957	4132.228
551.34467	2124.6494
553.56879	1470.2759
555.79193	1084.3005
558.0141	1173.651
560.23535	742.73566
562.45563	929.74292
564.67493	845.27582
566.89331	690.10992
569.11072	388.87079
571.32721	451.8573
573.54266	89.440338
575.7572	267.13803
577.97083	54.306942
580.18347	2.0957589
582.39514	129.47417
584.6059	412.60776
586.81567	690.04352
589.02448	404.82907
591.23236	33.825096
593.43927	416.91431
595.64526	476.45343
597.85028	353.9617
600.05438	465.68243
602.25751	479.22076
604.45972	281.56586
606.66095	441.95947
608.86127	119.02352
611.06061	349.81207
613.25897	271.53995
615.45642	737.18835
617.65295	743.29224
619.84851	789.63208
622.04315	910.14966
624.23682	281.48859
626.42957	448.56714
628.6214	329.40842
630.81226	82.663498
633.00214	450.87482
635.19116	262.81677
637.37915	279.73639
639.56628	617.23291
641.75244	421.01505
643.93768	621.45764
646.12195	448.96539
648.3053	679.2959
650.48773	408.20987
652.66919	388.95941
654.84973	102.41531
657.02936	142.08028
659.20801	73.077339
661.38574	52.722416
663.56256	51.006363
665.73846	-4.9549952
667.91339	248.49626
670.0874	436.95709
672.2605	744.22675
674.43262	672.74036
676.60382	456.96582
678.77411	715.41315
680.94348	614.50641
683.11194	576.04059
685.27942	505.15768
687.44598	463.02841
689.61169	680.63995
691.77637	924.75732
693.94019	1163.2521
696.10309	1473.2932
698.26501	1939.3855
700.42603	2066.5901
702.58612	2032.8423
704.7453	1782.2452
706.90356	1569.1793
709.06091	1565.5447
711.21735	1975.163
713.3728	3066.3862
715.5274	5418.6709
717.68103	8374.2236
719.83374	9263.6094
721.9856	7012.2979
724.13647	4012.0198
726.28644	2519.7461
728.43549	1814.4934
730.58362	1416.5986
732.73083	1367.5471
734.87714	1207.8165
737.02258	1016.2017
739.16705	1091.7639
741.31061	1073.3569
743.45325	1211.4265
745.59497	1701.3213
747.73578	2556.5186
749.87573	3950.2776
752.01471	4590.4995
754.15277	3576.8113
756.28998	2064.3389
758.42627	1145.4064
760.56158	754.14209
762.69604	362.27115
764.82959	375.59378
766.96222	316.23923
769.09393	242.91873
771.22473	379.10138
773.35468	286.81192
775.48364	388.91562
777.61176	99.914848
779.73895	182.94926
781.86523	4.4291658
783.9906	90.534302
786.11505	112.40925
788.23865	129.2856
790.36133	144.99815
792.48309	417.63672
794.60394	394.3418
796.72394	357.82532
798.84302	558.79309
800.96118	604.12372
803.07843	500.16083
805.19476	593.91974
807.31024	698.88959
809.4248	709.26819
811.53851	413.17343
813.65125	446.52847
815.76312	761.38593
817.87415	371.68298
819.98419	254.61591
822.09338	517.01477
824.20166	465.41684
826.30908	446.272
828.41559	659.78162
830.52118	594.50366
832.62592	359.31363
834.72974	624.81909
836.8327	549.60254
838.93475	459.25974
841.03589	645.99689
843.13617	891.91211
845.23553	899.96045
847.33398	971.71124
849.43158	1171.1963
851.52832	890.42639
853.62415	1529.8134
855.71906	1198.2352
857.81311	1098.2393
859.90625	1176.9714
861.99854	774.31885
864.0899	638.50189
866.18042	986.62616
868.27002	669.22845
870.35876	646.73468
872.44659	670.61902
874.53357	616.91675
876.61969	886.93536
878.7049	1044.1177
880.78918	846.04041
882.87262	891.58282
884.9552	992.47009
887.03687	828.71918
889.11768	1025.6895
891.19757	656.35492
893.27661	723.84058
895.3548	566.03961
897.43207	345.34766
899.50848	196.69446
901.58398	412.35843
903.65869	586.53638
905.73242	691.46857
907.80536	889.0954
909.87738	879.59613
911.94855	822.11523
914.0188	1066.1185
916.0882	1565.1958
918.15674	1706.4703
920.22443	2280.1558
922.2912	2202.2566
924.35712	1945.0266
926.42218	1804.6403
928.48639	1442.3729
930.54968	1242.7218
932.61212	828.13196
934.67371	648.797
936.73438	702.2489
938.79419	586.43677
940.85315	347.15579
942.91125	321.45111
944.96851	496.97336
947.02484	445.12558
949.08038	264.09656
951.13501	398.86975
953.18878	657.98792
955.2417	526.06647
957.2937	513.25446
959.34491	596.76801
961.3952	820.29749
963.44464	660.81927
965.49323	572.24945
967.54095	299.36359
969.58783	-1.6839132
971.63385	146.45667
973.67902	276.95926
975.72327	543.78131
977.76672	424.03357
979.80927	-0.68748713
981.85101	179.34601
983.89185	72.484421
985.93188	60.029873
987.97101	400.31708
990.00928	705.60352
992.04669	1186.5319
994.08331	1907.3713
996.11902	2999.8433
998.15387	3458.9514
1000.1879	3062.9609
1002.221	2308.2009
1004.2534	1551.0879
1006.2848	1033.8483
1008.3154	701.32037
1010.3452	694.95599
1012.374	745.22644
1014.4021	707.0191
1016.4293	692.73505
1018.4556	765.53076
1020.4811	997.5036
1022.5057	1779.6672
1024.5295	2087.4839
1026.5525	2407.6812
1028.5746	2849.446
1030.5958	3353.8313
1032.6162	4126.1592
1034.6359	4505.5405
1036.6545	4815.6191
1038.6724	4417.6768
1040.6895	3936.1262
1042.7056	3524.6221
1044.7209	2900.9702
1046.7355	2013.5557
1048.7491	1556.1071
1050.762	1642.8958
1052.7739	1282.8379
1054.785	1242.2323
1056.7953	1218.9714
1058.8048	1079.0842
1060.8134	1209.0071
1062.8212	1106.9519
1064.828	1221.453
1066.8341	1314.6675
1068.8394	1162.8673
1070.8438	1092.625
1072.8474	839.11749
1074.8501	925.35193
1076.8521	606.25098
1078.853	810.02094
1080.8533	764.79541
1082.8527	490.53799
1084.8512	668.1803
1086.849	687.29028
1088.8458	878.12872
1090.8419	369.79825
1092.8372	1015.1881
1094.8315	698.79639
1096.8251	1150.2853
1098.8179	1173.4065
1100.8097	1135.9714
1102.8008	1952.7704
1104.791	1487.2239
1106.7804	1261.9395
1108.769	1314.5123
1110.7567	710.46539
1112.7437	543.94012
1114.7297	367.07211
1116.715	576.16809
1118.6995	78.003197
1120.6831	192.61127
1122.6659	1.7054089
1124.6478	-0.79032534
1126.6289	643.64966
1128.6093	121.46069
1130.5887	59.383686
1132.5674	275.57715
1134.5452	267.26984
1136.5222	21.174429
1138.4984	270.69601
1140.4738	161.72356
1142.4484	203.9971
1144.422	342.07465
1146.3949	462.46136
1148.3671	145.63222
1150.3383	330.39914
1152.3087	775.50171
1154.2783	521.974
1156.2472	605.69293
1158.2152	1067.0403
1160.1824	1410.5105
1162.1487	1013.1961
1164.1143	872.93854
1166.079	433.37372
1168.0428	85.711082
1170.0059	353.58203
1171.9681	640.66034
1173.9297	925.42114
1175.8903	1202.3993
1177.8501	1101.4557
1179.8091	1482.5933
1181.7673	1267.4469
1183.7247	1723.6954
1185.6813	1728.8612
1187.6371	1534.6842
1189.592	1284.8477
1191.5461	1626.9594
1193.4995	1737.0059
1195.452	1700.4672
1197.4037	2062.7363
1199.3546	2207.0813
1201.3047	2266.1575
1203.254	2190.647
1205.2025	2068.3303
1207.1501	2116.23
1209.097	2159.5042
1211.0431	1947.0042
1212.9883	1884.9281
1214.9327	2035.1296
1216.8765	2114.397
1218.8192	2017.4921
1220.7612	1949.9125
1222.7025	1946.798
1224.6429	1725.6385
1226.5825	1388.5172
1228.5214	1144.0496
1230.4594	1193.755
1232.3966	1384.2607
1234.333	1311.6897
1236.2686	1259.8595
1238.2034	1494.0322
1240.1375	1677.3282
1242.0707	1781.4448
1244.0031	1809.5452
1245.9347	1563.204
1247.8655	1604.1012
1249.7955	1895.9344
1251.7247	1871.0945
1253.6532	1975.9824
1255.5808	2106.9067
1257.5076	2044.334
1259.4336	2025.5417
1261.3589	2068.9185
1263.2833	1882.7007
1265.2069	2089.3352
1267.1298	2312.6077
1269.0519	2153.2659
1270.9731	2186.9255
1272.8936	2263.0549
1274.8132	2632.1294
1276.7322	2568.6484
1278.6503	2443.0522
1280.5675	2487.6414
1282.4841	2899.8474
1284.3998	3257.2742
1286.3147	3710.158
1288.2289	3920.8171
1290.1422	4093.7034
1292.0548	4270.394
1293.9666	3847.2996
1295.8776	3839.0366
1297.7877	3941.1726
1299.6971	3802.5615
1301.6058	3240.7761
1303.5137	3027.073
1305.4207	2876.4639
1307.327	2616.5115
1309.2324	2560.543
1311.1372	2757.3975
1313.0411	2667.5574
1314.9442	2711.0933
1316.8466	2610.2878
1318.7482	2951.9319
1320.6489	2832.7048
1322.549	3189.8774
1324.4481	3304.4624
1326.3466	3756.6938
1328.2443	4097.23
1330.1411	4954.9556
1332.0372	6095.0024
1333.9325	7663.1279
1335.827	8530.875
1337.7208	8802.7783
1339.6138	7803.145
1341.506	6203.1543
1343.3975	4981.7285
1345.2881	3860.5083
1347.178	3369.1785
1349.067	3085.8171
1350.9553	2693.3262
1352.8429	2889.3723
1354.7296	2645.2275
1356.6156	2172.6799
1358.5009	2039.9185
1360.3854	2027.4436
1362.269	2061.9451
1364.1519	2041.7345
1366.0341	2048.2344
1367.9154	2230.7271
1369.7959	2129.7317
1371.6758	2086.3384
1373.5548	2002.1992
1375.4331	2305.9275
1377.3105	2295.6426
1379.1873	1666.7745
1381.0632	1861.0664
1382.9385	1918.9495
1384.8129	1651.9418
1386.6865	1750.6548
1388.5594	1722.5392
1390.4315	1582.9197
1392.3029	1494.1366
1394.1735	1860.5291
1396.0432	1883.7679
1397.9124	1862.0457
1399.7806	2106.6045
1401.6481	2329.9131
1403.5149	2247.646
1405.3809	1983.7023
1407.2461	1822.9807
1409.1106	2017.7155
1410.9742	1840.2201
1412.8372	1941.2122
1414.6993	1618.9784
1416.5608	1484.8412
1418.4214	1669.8701
1420.2813	1734.896
1422.1404	2238.3582
1423.9988	2754.5576
1425.8564	3366.1799
1427.7133	4209.5488
1429.5693	5300.8843
1431.4247	6318.1035
1433.2793	6584.2236
1435.1331	5874.2002
1436.9861	5168.1621
1438.8384	4680.4058
1440.6899	4756.5479
1442.5408	4893.9761
1444.3907	4306.5801
1446.2401	3488.9119
1448.0886	2716.2678
1449.9364	2306.3113
1451.7833	2174.0012
1453.6296	1941.8021
1455.4751	1659.0068
1457.3199	1596.533
1459.1639	1758.7437
1461.0071	1456.7509
1462.8496	1182.7775
1464.6914	1166.267
1466.5323	1270.3604
1468.3726	955.22516
1470.212	674.66711
1472.0508	592.43335
1473.8888	407.41751
1475.7261	532.87457
1477.5625	744.90863
1479.3983	563.73682
1481.2333	664.71472
1483.0675	745.26807
1484.901	932.28082
1486.7338	1021.5122
1488.5658	712.64716
1490.3971	875.93909
1492.2275	1149.8693
1494.0574	1028.374
1495.8864	977.22711
1497.7146	1152.749
1499.5421	1323.2108
1501.3689	1022.8331
1503.1949	906.58801
1505.0203	884.8017
1506.8448	886.77075
1508.6687	700.19031
1510.4917	476.66318
1512.3141	459.22958
1514.1356	178.12848
1515.9565	253.46468
1517.7766	150.149
1519.5959	194.88336
1521.4147	173.25842
1523.2325	55.636257
1525.0497	152.05486
1526.8661	44.530106
1528.6818	311.06033
1530.4967	63.261063
1532.3109	-0.082147717
1534.1244	346.72446
1535.9371	390.39615
1537.7491	283.84946
1539.5603	568.22473
1541.3708	371.03973
1543.1807	541.13019
1544.9897	394.7937
1546.798	172.48318
1548.6056	492.76938
1550.4125	302.34369
1552.2185	355.48141
1554.0239	500.25153
1555.8286	696.60718
1557.6324	576.65198
1559.4357	1063.0566
1561.2382	1553.8837
1563.0399	1220.5485
1564.8408	1062.4668
1566.6411	805.27484
1568.4407	1008.7012
1570.2395	740.16711
1572.0375	592.80548
1573.8348	986.01819
1575.6315	650.2099
1577.4274	1017.6339
1579.2225	810.91846
1581.017	952.14142
1582.8107	1012.7085
1584.6036	1428.3517
1586.3959	1550.0277
1588.1874	1474.5234
1589.9783	1745.2673
1591.7683	1856.7823
1593.5576	1716.874
1595.3463	1581.4576
1597.1342	1740.4564
1598.9214	2149.1616
1600.7079	2581
1602.4935	3043.3608
1604.2786	3913.5691
1606.0629	4962.188
1607.8464	5898.8872
1609.6293	6500.6694
1611.4114	6747.0444
1613.1927	6727.79
1614.9735	6609.4351
1616.7534	6509.4087
1618.5327	5806.7144
1620.3113	4991.3667
1622.089	4091.3569
1623.8661	2961.4111
1625.6425	2054.3777
1627.4181	1331.6016
1629.1931	1155.4559
1630.9673	787.06097
1632.7408	479.16333
1634.5135	579.39874
1636.2856	599.39294
1638.057	561.60187
1639.8276	617.37219
1641.5975	579.88458
1643.3668	393.21039
1645.1353	355.51068
1646.9031	427.03873
1648.6702	286.70377
1650.4365	336.01474
1652.2021	548.55298
1653.967	558.54828
1655.7313	497.45728
1657.4948	320.7124
1659.2576	316.33911
1661.0197	337.16278
1662.781	220.61844
1664.5417	366.71204
1666.3016	391.37775
1668.0609	279.57913
1669.8195	233.66895
1671.5773	76.400787
1673.3344	63.221706
1675.0908	162.66942
1676.8466	67.33683
1678.6016	0.026599584
1680.3558	94.29921
1682.1094	149.90076
1683.8623	149.63892
1685.6145	238.85857
1687.366	258.66333
1689.1167	346.79559
1690.8667	266.91568
1692.6161	237.65598
1694.3647	372.86328
1696.1127	313.12778
1697.8599	272.55725
1699.6064	177.3665
