300.70837	1158.0514
303.04144	1081.8989
305.37347	1053.1165
307.7045	997.1366
310.03452	840.99426
312.36349	759.31989
314.69147	706.94781
317.0184	579.909
319.34433	454.83572
321.66925	365.95935
323.99313	370.90936
326.31601	267.91837
328.63785	283.01352
330.95871	272.22876
333.27853	163.58963
335.59735	193.12691
337.91516	49.868656
340.23193	83.842743
342.5477	90.277031
344.86249	0.00047048827
347.17624	17.238379
349.48895	84.617653
351.80069	6.7661934
354.11142	93.908554
356.42114	110.27161
358.72983	148.67894
361.03754	114.35799
363.34421	71.131065
365.6499	80.424622
367.95456	103.86112
370.25824	144.66563
372.56091	229.46107
374.86258	127.27003
377.16324	173.11575
379.46289	205.42062
381.76154	213.40648
384.05917	251.69528
386.35583	172.9091
388.65146	241.26849
390.94611	225.79477
393.23978	101.50907
395.53241	144.03102
397.82407	146.58072
400.11472	89.578445
402.40436	126.44313
404.69302	149.39456
406.98068	184.85123
409.26733	126.63211
411.55301	84.955666
413.83768	115.63951
416.12137	75.102715
418.40405	163.56134
420.68576	144.83427
422.96646	118.73767
425.24615	123.08821
427.52487	106.90322
429.80261	-0.0011471027
432.07935	41.991074
434.3551	33.495583
436.62985	126.12838
438.90363	50.504658
441.17642	108.43986
443.44821	128.54831
445.71902	58.844906
447.98886	170.34457
450.25769	176.86118
452.52554	157.20824
454.79242	234.60068
457.05832	170.25131
459.32321	159.77347
461.58713	273.18088
463.85007	173.88544
466.11203	340.50092
468.37302	260.43973
470.633	275.31323
472.89203	138.73482
475.15005	168.5155
477.4071	273.26721
479.66321	260.80182
481.9183	238.13004
484.17242	247.66394
486.42557	202.4135
488.67773	256.98959
490.92896	254.80373
493.17917	296.86523
495.42841	221.18483
497.6767	331.77264
499.92398	581.23804
502.17032	960.99121
504.41568	1724.4415
506.66006	3100.3987
508.90347	5531.4707
511.14594	6751.668
513.38739	4551.1992
515.62793	2212.4722
517.86743	1335.4961
520.10602	765.07898
522.34363	470.82965
524.58026	401.35529
526.81592	233.86447
529.0506	199.76489
531.28436	179.0641
533.51715	132.96931
535.74896	148.88779
537.9798	110.82716
540.20966	109.19439
542.4386	124.39622
544.66656	89.639656
546.89355	111.33076
549.11957	63.476997
551.34467	113.68327
553.56879	151.35727
555.79193	86.104202
558.0141	95.530647
560.23535	28.441658
562.45563	124.04375
564.67493	171.14232
566.89331	87.542046
569.11072	230.04968
571.32721	209.86908
573.54266	207.80688
575.7572	205.86638
577.97083	113.45384
580.18347	191.37349
582.39514	180.82971
584.6059	228.42802
586.81567	279.17154
589.02448	262.26581
591.23236	281.31454
593.43927	250.32202
595.64526	229.69255
597.85028	311.02933
600.05438	296.13635
602.25751	287.4184
604.45972	292.07773
606.66095	352.51889
608.86127	437.54456
611.06061	493.55908
613.25897	443.96521
615.45642	424.56577
617.65295	407.36438
619.84851	366.76407
622.04315	301.16757
624.23682	297.37769
626.42957	342.99713
628.6214	327.22925
630.81226	377.07587
633.00214	293.73965
635.19116	154.42302
637.37915	271.32892
639.56628	125.85918
641.75244	143.81607
643.93768	0.0019079912
646.12195	143.21823
648.3053	193.4679
650.48773	163.15225
652.66919	69.073097
654.84973	173.63251
657.02936	111.83222
659.20801	128.87424
661.38574	98.159439
663.56256	143.48967
665.73846	71.866417
667.91339	23.091042
670.0874	216.96506
672.2605	239.68997
674.43262	275.26669
676.60382	507.29633
678.77411	451.18045
680.94348	376.71942
683.11194	211.71507
685.27942	117.9678
687.44598	160.67862
689.61169	128.04893
691.77637	141.47887
693.94019	181.96931
696.10309	102.92101
698.26501	223.33525
700.42603	198.41174
702.58612	278.75168
704.7453	345.55579
706.90356	381.02377
709.06091	493.35629
711.21735	440.75397
713.3728	408.61761
715.5274	462.94687
717.68103	508.54208
719.83374	554.00397
721.9856	521.53229
724.13647	365.72708
726.28644	417.98926
728.43549	397.71832
730.58362	405.31427
732.73083	366.3772
734.87714	290.50769
737.02258	276.70471
739.16705	292.96927
741.31061	216.50046
743.45325	425.69803
745.59497	500.76297
747.73578	680.49402
749.87573	1146.8907
752.01471	2366.9541
754.15277	5255.0835
756.28998	11348.877
758.42627	16285.536
760.56158	12134.661
762.69604	5708.2495
764.82959	3043.5022
766.96222	2318.0186
769.09393	2090.7974
771.22473	2334.6396
773.35468	2563.7437
775.48364	2459.71
777.61176	1836.7374
779.73895	1294.225
781.86523	874.9729
783.9906	622.58014
786.11505	481.6467
788.23865	337.37115
790.36133	233.15332
792.48309	221.99304
794.60394	184.68898
796.72394	156.64032
798.84302	157.64671
800.96118	123.70795
803.07843	173.22223
805.19476	224.58972
807.31024	182.40976
809.4248	207.88083
811.53851	278.40256
813.65125	255.17389
815.76312	266.99481
817.87415	234.06375
819.98419	335.38043
822.09338	293.94351
824.20166	289.35278
826.30908	320.60693
828.41559	252.1055
830.52118	315.8472
832.62592	329.6319
834.72974	267.85776
836.8327	246.32512
838.93475	239.63177
841.03589	279.37793
843.13617	290.36206
845.23553	248.58372
847.33398	248.64217
849.43158	209.53603
851.52832	175.4641
853.62415	170.02658
855.71906	222.4218
857.81311	292.24896
859.90625	241.70735
861.99854	247.19601
864.0899	180.3141
866.18042	185.06075
868.27002	169.43454
870.35876	215.4351
872.44659	251.66161
874.53357	306.51309
876.61969	245.58823
878.7049	338.48627
880.78918	90.406929
882.87262	254.14871
884.9552	214.31081
887.03687	98.492393
889.11768	130.69312
891.19757	140.51118
893.27661	53.945751
895.3548	-0.0030865087
897.43207	121.06319
899.50848	148.14326
901.58398	152.83733
903.65869	143.74367
905.73242	201.66168
907.80536	189.79028
909.87738	198.72919
911.94855	147.67729
914.0188	237.63371
916.0882	320.99759
918.15674	327.36868
920.22443	272.74518
922.2912	352.12677
924.35712	282.9126
926.42218	234.90211
928.48639	218.09457
930.54968	164.48869
932.61212	186.6843
934.67371	181.08006
936.73438	234.47548
938.79419	230.67014
940.85315	224.66281
942.91125	107.45278
944.96851	255.63991
947.02484	211.42268
949.08038	210.80093
951.13501	211.17433
953.18878	212.14133
955.2417	193.90144
957.2937	184.45448
959.34491	281.59915
961.3952	234.93585
963.44464	234.6627
965.49323	208.57985
967.54095	207.08659
969.58783	280.18182
971.63385	198.26587
973.67902	153.73753
975.72327	264.79593
977.76672	322.24133
979.80927	355.87296
981.85101	316.88953
983.89185	239.89156
985.93188	163.07777
987.97101	246.04822
990.00928	254.20184
992.04669	304.33847
994.08331	323.05771
996.11902	425.759
998.15387	539.04205
1000.1879	715.70612
1002.221	757.75085
1004.2534	783.57629
1006.2848	913.78107
1008.3154	925.56598
1010.3452	1106.3301
1012.374	1393.4724
1014.4021	1780.1938
1016.4293	2500.0935
1018.4556	3660.3706
1020.4811	5929.625
1022.5057	6962.2568
1024.5295	4413.666
1026.5525	2540.8511
1028.5746	1909.613
1030.5958	1591.7507
1032.6162	1285.0645
1034.6359	1131.5536
1036.6545	900.8183
1038.6724	817.85864
1040.6895	560.27338
1042.7056	622.86316
1044.7209	468.62787
1046.7355	644.36707
1048.7491	645.2804
1050.762	394.56839
1052.7739	370.23044
1054.785	349.46613
1056.7953	329.0762
1058.8048	425.66013
1060.8134	342.41757
1062.8212	417.14926
1064.828	430.65451
1066.8341	309.13293
1068.8394	353.98544
1070.8438	370.41171
1072.8474	396.01184
1074.8501	333.7854
1076.8521	315.93259
1078.853	341.85339
1080.8533	365.34857
1082.8527	304.61749
1084.8512	398.26028
1086.849	277.67697
1088.8458	304.06787
1090.8419	318.63324
1092.8372	244.77315
1094.8315	357.48773
1096.8251	228.97687
1098.8179	297.24066
1100.8097	310.87997
1102.8008	250.49403
1104.791	299.88385
1106.7804	310.24933
1108.769	9.1907949
1110.7567	356.10843
1112.7437	241.20212
1114.7297	290.47266
1116.715	271.92029
1118.6995	351.94467
1120.6831	405.74683
1122.6659	315.72696
1124.6478	404.68472
1126.6289	401.82108
1128.6093	350.73596
1130.5887	400.63043
1132.5674	321.90378
1134.5452	377.15741
1136.5222	409.59091
1138.4984	381.005
1140.4738	504.00018
1142.4484	560.57678
1144.422	540.53516
1146.3949	440.27597
1148.3671	385.79874
1150.3383	312.1055
1152.3087	292.59494
1154.2783	356.66904
1156.2472	476.32721
1158.2152	465.17056
1160.1824	632.79974
1162.1487	602.01447
1164.1143	481.01599
1166.079	489.40396
1168.0428	386.77997
1170.0059	331.1441
1171.9681	210.2966
1173.9297	127.03835
1175.8903	219.37006
1177.8501	100.69202
1179.8091	31.604536
1181.7673	91.109077
1183.7247	0.0051522064
1185.6813	45.694244
1187.6371	17.976686
1189.592	98.052895
1191.5461	96.723778
1193.4995	35.389801
1195.452	102.65179
1197.4037	154.91028
1199.3546	138.56575
1201.3047	215.41927
1203.254	122.27069
1205.2025	157.12178
1207.1501	213.57234
1209.097	203.22356
1211.0431	200.67632
1212.9883	200.93033
1214.9327	290.78748
1216.8765	277.64792
1218.8192	261.51202
1220.7612	374.78125
1222.7025	422.45584
1224.6429	406.13669
1226.5825	439.82452
1228.5214	344.91995
1230.4594	372.82416
1232.3966	391.93723
1234.333	368.66043
1236.2686	448.99448
1238.2034	481.1398
1240.1375	473.29736
1242.0707	388.46799
1244.0031	318.65295
1245.9347	269.05173
1247.8655	214.86632
1249.7955	233.09743
1251.7247	279.34506
1253.6532	267.21051
1255.5808	295.49448
1257.5076	320.99805
1259.4336	329.12134
1261.3589	343.46625
1263.2833	416.43259
1265.2069	516.42151
1267.1298	622.23364
1269.0519	558.47034
1270.9731	581.33173
1272.8936	468.01926
1274.8132	406.53323
1276.7322	372.47458
1278.6503	268.04483
1280.5675	358.44354
1282.4841	325.47272
1284.3998	260.73242
1286.3147	332.42361
1288.2289	400.54709
1290.1422	461.30392
1292.0548	481.89508
1293.9666	434.12073
1295.8776	380.78247
1297.7877	402.88065
1299.6971	421.01614
1301.6058	441.58969
1303.5137	395.00204
1305.4207	390.85461
1307.327	298.74725
1309.2324	324.68182
1311.1372	322.85834
1313.0411	306.47778
1314.9442	354.7417
1316.8466	320.04977
1318.7482	285.20313
1320.6489	258.40323
1322.549	256.25
1324.4481	282.14511
1326.3466	282.28857
1328.2443	312.28131
1330.1411	370.52444
1332.0372	404.6189
1333.9325	456.96484
1335.827	425.76324
1337.7208	399.01486
1339.6138	445.92068
1341.506	453.28177
1343.3975	414.49829
1345.2881	485.17102
1347.178	422.10062
1349.067	285.28824
1350.9553	383.33475
1352.8429	360.04022
1354.7296	377.60599
1356.6156	363.63245
1358.5009	501.72043
1360.3854	629.6709
1362.269	693.48352
1364.1519	827.96033
1366.0341	872.70117
1367.9154	1367.3073
1369.7959	2597.5789
1371.6758	5368.7163
1373.5548	10357.921
1375.4331	15331.993
1377.3105	15141.934
1379.1873	9724.9443
1381.0632	4657.6226
1382.9385	2168.3718
1384.8129	1264.1915
1386.6865	1002.8829
1388.5594	1041.8464
1390.4315	1293.2819
1392.3029	1653.9906
1394.1735	1721.7736
1396.0432	1357.0302
1397.9124	865.96179
1399.7806	511.16882
1401.6481	345.85147
1403.5149	355.81094
1405.3809	272.44678
1407.2461	246.76015
1409.1106	199.15143
1410.9742	228.02132
1412.8372	203.96957
1414.6993	186.79745
1416.5608	210.70509
1418.4214	264.09262
1420.2813	250.16087
1422.1404	321.71005
1423.9988	345.14047
1425.8564	389.05307
1427.7133	424.84744
1429.5693	494.92407
1431.4247	624.68414
1433.2793	675.32684
1435.1331	796.85352
1436.9861	1027.0637
1438.8384	1134.1578
1440.6899	1350.3364
1442.5408	1360.7999
1444.3907	1267.5482
1446.2401	1226.5818
1448.0886	1062.3005
1449.9364	1088.105
1451.7833	1180.3948
1453.6296	1361.7714
1455.4751	1738.8335
1457.3199	2215.1824
1459.1639	2340.0171
1461.0071	1901.9377
1462.8496	1311.3464
1464.6914	899.6413
1466.5323	718.82288
1468.3726	650.69153
1470.212	463.64664
1472.0508	369.08911
1473.8888	339.01852
1475.7261	222.8347
1477.5625	163.93767
1479.3983	179.72806
1481.2333	93.805115
1483.0675	85.168663
1484.901	105.81863
1486.7338	133.75537
1488.5658	208.17899
1490.3971	162.08832
1492.2275	114.08384
1494.0574	134.56569
1495.8864	34.332558
1497.7146	71.385155
1499.5421	72.523064
1501.3689	85.74601
1503.1949	51.854027
1505.0203	32.445927
1506.8448	40.922279
1508.6687	-1.1176418
1510.4917	1.1255859
1512.3141	70.852318
1514.1356	158.26132
1515.9565	107.15303
1517.7766	181.52596
1519.5959	98.980255
1521.4147	133.51649
1523.2325	137.33182
1525.0497	177.4277
1526.8661	232.40276
1528.6818	194.45609
1530.4967	225.7883
1532.3109	259.59753
1534.1244	242.88412
1535.9371	268.24704
1537.7491	233.48538
1539.5603	240.39819
1541.3708	268.58603
1543.1807	243.44698
1544.9897	230.38115
1546.798	261.98627
1548.6056	271.86334
1550.4125	329.21063
1552.2185	375.22635
1554.0239	394.7117
1555.8286	457.26471
1557.6324	538.48395
1559.4357	703.96979
1561.2382	839.12012
1563.0399	1173.9343
1564.8408	1368.0105
1566.6411	1608.7496
1568.4407	2480.1489
1570.2395	4110.8076
1572.0375	6182.7256
1573.8348	6444.9004
1575.6315	3838.9314
1577.4274	1838.8171
1579.2225	1170.5574
1581.017	1021.1494
1582.8107	776.19305
1584.6036	650.08643
1586.3959	681.22858
1588.1874	677.21783
1589.9783	644.25366
1591.7683	684.13354
1593.5576	611.0564
1595.3463	497.82144
1597.1342	484.4256
1598.9214	443.86938
1600.7079	489.35022
1602.4935	456.26566
1604.2786	406.41544
1606.0629	428.99786
1607.8464	419.01083
1609.6293	435.45261
1611.4114	473.5217
1613.1927	485.61627
1614.9735	489.13525
1616.7534	534.6759
1618.5327	625.63684
1620.3113	703.81622
1622.089	747.61139
1623.8661	943.02136
1625.6425	1011.0445
1627.4181	816.27795
1629.1931	686.32056
1630.9673	663.76935
1632.7408	520.62335
1634.5135	505.47855
1636.2856	490.13562
1638.057	541.99011
1639.8276	414.84106
1641.5975	446.88608
1643.3668	368.52304
1645.1353	297.54843
1646.9031	328.56213
1648.6702	282.56003
1650.4365	244.94067
1652.2021	208.90089
1653.967	202.83865
1655.7313	208.95247
1657.4948	210.23833
1659.2576	124.69478
1661.0197	121.51917
1662.781	56.707966
1664.5417	59.060101
1666.3016	76.571419
1668.0609	103.64066
1669.8195	70.863983
1671.5773	15.639045
1673.3344	-0.036926065
1675.0908	40.833527
1676.8466	46.647705
1678.6016	46.802162
1680.3558	36.293999
1682.1094	38.920094
1683.8623	17.27879
1685.6145	38.566071
1687.366	42.579201
1689.1167	12.514339
1690.8667	71.36937
1692.6161	38.940681
1694.3647	0.025684878
1696.1127	35.8204
1697.8599	46.121891
1699.6064	20.327465
