300.70837	11.610598
303.04144	-5.0416566e-007
305.37347	15.28957
307.7045	117.90968
310.03452	49.289314
312.36349	35.256611
314.69147	46.640656
317.0184	105.26839
319.34433	180.76891
321.66925	405.16849
323.99313	656.69446
326.31601	1362.173
328.63785	2209.0308
330.95871	2784.0938
333.27853	2594.7869
335.59735	1895.7363
337.91516	1102.7666
340.23193	576.30127
342.5477	231.96579
344.86249	183.1841
347.17624	76.778244
349.48895	149.17235
351.80069	142.58974
354.11142	24.452757
356.42114	66.783676
358.72983	23.803602
361.03754	7.3355875
363.34421	7.9236634e-007
365.6499	30.418545
367.95456	51.61095
370.25824	81.798866
372.56091	124.00245
374.86258	255.8407
377.16324	461.53387
379.46289	502.10083
381.76154	427.7608
384.05917	377.13214
386.35583	402.23471
388.65146	436.88525
390.94611	532.30219
393.23978	559.70386
395.53241	705.50684
397.82407	1092.1284
400.11472	2446.5862
402.40436	6224.2949
404.69302	11746.075
406.98068	10411.736
409.26733	4497.9004
411.55301	1779.5812
413.83768	989.39325
416.12137	673.95288
418.40405	477.47397
420.68576	419.97141
422.96646	311.66064
425.24615	281.35471
427.52487	244.26811
429.80261	243.61478
432.07935	182.80847
434.3551	183.86226
436.62985	216.78908
438.90363	281.20215
441.17642	314.71429
443.44821	437.73718
445.71902	528.68427
447.98886	627.16711
450.25769	1143.7976
452.52554	2296.7874
454.79242	3003.5483
457.05832	1877.8912
459.32321	847.42743
461.58713	503.36768
463.85007	346.5224
466.11203	348.70297
468.37302	312.11942
470.633	297.98148
472.89203	411.89996
475.15005	545.08368
477.4071	726.34271
479.66321	629.28711
481.9183	447.72531
484.17242	512.06647
486.42557	478.52014
488.67773	440.69431
490.92896	450.79828
493.17917	500.44046
495.42841	648.82898
497.6767	615.57159
499.92398	668.07654
502.17032	1184.3523
504.41568	1661.6057
506.66006	2305.6445
508.90347	3540.876
511.14594	4086.9082
513.38739	3131.5466
515.62793	2328.7996
517.86743	1683.8733
520.10602	1409.3746
522.34363	1661.11
524.58026	2212.2854
526.81592	1797.1082
529.0506	987.58307
531.28436	557.91724
533.51715	378.71567
535.74896	344.98456
537.9798	285.92969
540.20966	296.75626
542.4386	292.46918
544.66656	210.47453
546.89355	222.17682
549.11957	163.78127
551.34467	113.09306
553.56879	171.71655
555.79193	422.85611
558.0141	814.51727
560.23535	1166.3036
562.45563	771.61975
564.67493	387.66971
566.89331	307.45761
569.11072	348.38828
571.32721	506.0643
573.54266	599.09052
575.7572	655.87012
577.97083	696.60681
580.18347	1085.7046
582.39514	2540.7659
584.6059	6015.9956
586.81567	13902.795
589.02448	20375.369
591.23236	15774.519
593.43927	7953.0483
595.64526	4409.1606
597.85028	2433.8591
600.05438	1203.1456
602.25751	906.02252
604.45972	1084.2932
606.66095	1954.7594
608.86127	2972.4238
611.06061	2936.4888
613.25897	1913.5565
615.45642	1136.4288
617.65295	713.10846
619.84851	603.39703
622.04315	512.2962
624.23682	618.40826
626.42957	777.73505
628.6214	1105.2778
630.81226	1726.8386
633.00214	2385.4189
635.19116	1655.6202
637.37915	822.84412
639.56628	422.29214
641.75244	286.36502
643.93768	165.26472
646.12195	206.99199
648.3053	111.14856
650.48773	91.334663
652.66919	56.352123
654.84973	61.201454
657.02936	72.483688
659.20801	-7.3206229e-007
661.38574	58.151131
663.56256	92.137573
665.73846	78.760345
667.91339	97.820419
670.0874	88.717369
672.2605	84.652946
674.43262	121.2268
676.60382	156.64014
678.77411	173.2928
680.94348	79.385902
683.11194	90.719116
685.27942	50.09304
687.44598	44.508461
689.61169	156.36458
691.77637	163.2621
693.94019	136.00157
696.10309	208.5826
698.26501	234.40562
700.42603	216.07036
702.58612	97.377121
704.7453	151.32588
706.90356	216.7164
709.06091	273.34888
711.21735	296.82285
713.3728	306.73822
715.5274	270.49527
717.68103	266.09323
719.83374	193.93181
721.9856	280.41171
724.13647	161.73125
726.28644	177.49124
728.43549	257.29095
730.58362	288.93036
732.73083	363.60822
734.87714	310.52487
737.02258	193.0798
739.16705	247.67236
741.31061	216.50183
743.45325	274.7684
745.59497	311.87094
747.73578	405.20886
749.87573	710.3822
752.01471	1270.7903
754.15277	2493.4319
756.28998	5114.9067
758.42627	7060.8149
760.56158	5377.355
762.69604	2734.5261
764.82959	1605.3279
766.96222	1413.9596
769.09393	1232.021
771.22473	1380.9108
773.35468	1611.6289
775.48364	1482.7739
777.61176	1340.7452
779.73895	924.54248
781.86523	655.76404
783.9906	479.41006
786.11505	257.07938
788.23865	239.97148
790.36133	221.28519
792.48309	215.41957
794.60394	415.97391
796.72394	678.7478
798.84302	1366.9404
800.96118	1476.1501
803.07843	747.77649
805.19476	437.21899
807.31024	348.2767
809.4248	375.54825
811.53851	425.23306
813.65125	283.13043
815.76312	225.03943
817.87415	222.5593
819.98419	248.2886
822.09338	302.02744
824.20166	352.7738
826.30908	463.12759
828.41559	400.68787
830.52118	265.25357
832.62592	309.82391
834.72974	297.99759
836.8327	362.77472
838.93475	406.35361
841.03589	470.93307
843.13617	487.51331
845.23553	515.29309
847.33398	575.47076
849.43158	590.84631
851.52832	571.41895
853.62415	449.78726
855.71906	333.75073
857.81311	214.90872
859.90625	136.06007
861.99854	120.60349
864.0899	95.939384
866.18042	114.66569
868.27002	60.582256
870.35876	90.488182
872.44659	118.78248
874.53357	157.4649
876.61969	206.13382
878.7049	229.98901
880.78918	274.02972
882.87262	280.85489
884.9552	288.86362
887.03687	328.05557
889.11768	239.43013
891.19757	189.78622
893.27661	89.123253
895.3548	168.44048
897.43207	188.73663
899.50848	178.81235
901.58398	274.46573
903.65869	257.49649
905.73242	339.70407
907.80536	334.88733
909.87738	275.44635
911.94855	254.18037
914.0188	232.28844
916.0882	189.96967
918.15674	155.22446
920.22443	90.851036
922.2912	110.84973
924.35712	83.019836
926.42218	82.360321
928.48639	40.270523
930.54968	21.150732
932.61212	8.633524e-007
934.67371	91.017525
936.73438	53.403427
938.79419	99.356506
940.85315	55.277161
942.91125	65.163963
944.96851	21.817247
947.02484	68.436218
949.08038	92.820381
951.13501	173.56932
953.18878	162.08307
955.2417	211.16106
957.2937	186.60268
959.34491	214.40767
961.3952	269.17569
963.44464	321.50607
965.49323	305.19928
967.54095	312.85464
969.58783	304.87225
971.63385	384.85095
973.67902	350.59076
975.72327	418.29208
977.76672	454.35422
979.80927	570.57666
981.85101	656.35968
983.89185	444.30304
985.93188	267.60645
987.97101	161.86974
990.00928	187.09277
992.04669	164.07573
994.08331	176.01776
996.11902	308.51926
998.15387	434.1803
1000.1879	466.60043
1002.221	541.77997
1004.2534	497.11844
1006.2848	595.41595
1008.3154	680.87286
1010.3452	873.88892
1012.374	1069.6638
1014.4021	1355.9977
1016.4293	1709.291
1018.4556	2484.1438
1020.4811	3616.9553
1022.5057	3889.1267
1024.5295	2481.2576
1026.5525	1542.1478
1028.5746	1241.7981
1030.5958	1135.4078
1032.6162	1072.5781
1034.6359	958.30829
1036.6545	718.39868
1038.6724	502.24997
1040.6895	328.06204
1042.7056	271.03488
1044.7209	299.76926
1046.7355	416.06522
1048.7491	410.92261
1050.762	354.54233
1052.7739	248.32414
1054.785	352.46899
1056.7953	466.97675
1058.8048	957.64752
1060.8134	2189.4822
1062.8212	4868.4805
1064.828	6293.4438
1066.8341	3607.3718
1068.8394	1432.665
1070.8438	1006.7236
1072.8474	637.54852
1074.8501	487.13971
1076.8521	401.09772
1078.853	342.82297
1080.8533	320.91644
1082.8527	198.37819
1084.8512	114.00899
1086.849	104.40894
1088.8458	79.378944
1090.8419	110.71926
1092.8372	65.63018
1094.8315	113.31344
1096.8251	174.96835
1098.8179	204.99583
1100.8097	429.39706
1102.8008	728.17212
1104.791	1081.3215
1106.7804	1161.0458
1108.769	885.14624
1110.7567	571.02344
1112.7437	327.27719
1114.7297	236.30901
1116.715	184.91943
1118.6995	130.50897
1120.6831	216.27811
1122.6659	185.22804
1124.6478	122.15932
1126.6289	135.67276
1128.6093	179.16893
1130.5887	138.84837
1132.5674	192.51263
1134.5452	246.56142
1136.5222	418.5965
1138.4984	880.81793
1140.4738	1530.2271
1142.4484	1798.6244
1144.422	1099.4108
1146.3949	560.18695
1148.3671	321.55389
1150.3383	184.11224
1152.3087	179.26303
1154.2783	140.80751
1156.2472	160.74547
1158.2152	119.87864
1160.1824	204.2079
1162.1487	165.93384
1164.1143	98.057281
1166.079	122.37948
1168.0428	92.500954
1170.0059	57.023197
1171.9681	67.546165
1173.9297	24.071766
1175.8903	-5.5250348e-007
1177.8501	54.93272
1179.8091	162.27036
1181.7673	134.21349
1183.7247	104.7641
1185.6813	184.722
1187.6371	224.48892
1189.592	277.66553
1191.5461	344.25327
1193.4995	425.05237
1195.452	536.86414
1197.4037	562.28967
1199.3546	555.1297
1201.3047	523.58496
1203.254	443.45715
1205.2025	586.14722
1207.1501	771.85547
1209.097	950.58368
1211.0431	1146.5322
1212.9883	1113.3021
1214.9327	801.6947
1216.8765	635.51117
1218.8192	686.55206
1220.7612	914.61847
1222.7025	1306.7114
1224.6429	2037.2319
1226.5825	3146.1809
1228.5214	4621.96
1230.4594	7243.9692
1232.3966	11148.01
1234.333	14760.085
1236.2686	15753.392
1238.2034	14732.135
1240.1375	13094.711
1242.0707	10038.526
1244.0031	6446.7778
1245.9347	3611.6685
1247.8655	1952.5989
1249.7955	1155.7701
1251.7247	819.58264
1253.6532	529.2381
1255.5808	339.73758
1257.5076	200.8813
1259.4336	104.27087
1261.3589	193.10696
1263.2833	251.7905
1265.2069	335.72281
1267.1298	411.70465
1269.0519	465.73706
1270.9731	427.42105
1272.8936	255.35721
1274.8132	148.14706
1276.7322	105.79108
1278.6503	123.69061
1280.5675	277.84656
1282.4841	476.6593
1284.3998	483.32996
1286.3147	315.66022
1288.2289	153.44983
1290.1422	163.70067
1292.0548	126.41319
1293.9666	101.18832
1295.8776	60.627102
1297.7877	16.530163
1299.6971	42.498531
1301.6058	85.932976
1303.5137	42.43438
1305.4207	68.603683
1307.327	81.041977
1309.2324	188.34946
1311.1372	240.12729
1313.0411	220.77652
1314.9442	155.69733
1316.8466	174.09082
1318.7482	277.95825
1320.6489	416.69971
1322.549	498.11636
1324.4481	482.80841
1326.3466	346.37735
1328.2443	332.02359
1330.1411	325.14761
1332.0372	377.15018
1333.9325	483.43219
1335.827	679.79431
1337.7208	966.63708
1339.6138	1502.9615
1341.506	1856.9677
1343.3975	1669.8567
1345.2881	1246.8284
1347.178	831.08423
1349.067	637.4248
1350.9553	615.24988
1352.8429	533.16052
1354.7296	587.95746
1356.6156	617.44116
1358.5009	735.41199
1360.3854	811.27026
1362.269	899.61646
1364.1519	1047.8513
1366.0341	1214.3752
1367.9154	1457.9889
1369.7959	2031.4921
1371.6758	3160.8855
1373.5548	5567.77
1375.4331	8411.1445
1377.3105	9680.8115
1379.1873	8434.1689
1381.0632	6358.2192
1382.9385	4907.7617
1384.8129	4099.3965
1386.6865	3361.3245
1388.5594	2607.9458
1390.4315	2444.8596
1392.3029	2461.8672
1394.1735	2634.168
1396.0432	2876.3628
1397.9124	3693.8521
1399.7806	7993.4351
1401.6481	16637.711
1403.5149	23404.482
1405.3809	18842.75
1407.2461	9556.3076
1409.1106	4700.9624
1410.9742	2724.5103
1412.8372	2178.9526
1414.6993	2035.8895
1416.5608	2070.5203
1418.4214	2016.8448
1420.2813	1977.8634
1422.1404	2099.3757
1423.9988	2003.5813
1425.8564	1657.8807
1427.7133	1250.873
1429.5693	920.35828
1431.4247	777.33606
1433.2793	607.0058
1435.1331	480.7677
1436.9861	479.02118
1438.8384	538.16632
1440.6899	651.20172
1442.5408	683.12842
1444.3907	679.54407
1446.2401	657.6499
1448.0886	558.84436
1449.9364	657.32751
1451.7833	727.49823
1453.6296	966.5567
1455.4751	1250.7014
1457.3199	1501.9327
1459.1639	1547.249
1461.0071	1243.8492
1462.8496	872.73462
1464.6914	675.10278
1466.5323	549.75299
1468.3726	495.08499
1470.212	421.09738
1472.0508	371.59012
1473.8888	296.56174
1475.7261	197.61147
1477.5625	156.53773
1479.3983	232.94063
1481.2333	358.81812
1483.0675	481.76962
1484.901	561.99377
1486.7338	532.88977
1488.5658	602.25677
1490.3971	436.49304
1492.2275	433.19678
1494.0574	420.56769
1495.8864	522.80444
1497.7146	527.70508
1499.5421	337.0686
1501.3689	116.89362
1503.1949	63.779026
1505.0203	11.523183
1506.8448	48.924393
1508.6687	-10.618725
1510.4917	86.491669
1512.3141	43.855209
1514.1356	71.268921
1515.9565	30.332632
1517.7766	31.242935
1519.5959	20.198982
1521.4147	2.0535663e-007
1523.2325	14.842215
1525.0497	60.724728
1526.8661	71.445694
1528.6818	84.60305
1530.4967	84.595207
1532.3109	89.21949
1534.1244	145.8745
1535.9371	212.35794
1537.7491	263.66745
1539.5603	331.20056
1541.3708	453.9563
1543.1807	719.93164
1544.9897	964.32434
1546.798	1120.7314
1548.6056	973.55231
1550.4125	762.98328
1552.2185	649.82123
1554.0239	643.86566
1555.8286	733.71332
1557.6324	875.76031
1559.4357	920.60565
1561.2382	990.0462
1563.0399	1056.6794
1564.8408	1038.1016
1566.6411	1107.7117
1568.4407	1360.906
1570.2395	1989.2814
1572.0375	2914.8347
1573.8348	3406.1641
1575.6315	3169.2659
1577.4274	2990.7375
1579.2225	2909.1755
1581.017	2635.377
1582.8107	2523.1387
1584.6036	3127.2573
1586.3959	4952.3301
1588.1874	8081.7529
1589.9783	10234.524
1591.7683	9079.2383
1593.5576	6517.8921
1595.3463	4431.4844
1597.1342	3162.4089
1598.9214	2374.6646
1600.7079	1732.6465
1602.4935	1381.5499
1604.2786	1171.1732
1606.0629	1122.1117
1607.8464	1172.3616
1609.6293	1322.1191
1611.4114	1612.1803
1613.1927	2004.5416
1614.9735	2495.999
1616.7534	3138.9475
1618.5327	4174.9849
1620.3113	5880.105
1622.089	8386.3047
1623.8661	11090.58
1625.6425	10869.927
1627.4181	7782.5396
1629.1931	4921.8159
1630.9673	3294.5488
1632.7408	2450.9363
1634.5135	2359.1716
1636.2856	2801.6523
1638.057	3381.9729
1639.8276	3337.728
1641.5975	2582.7141
1643.3668	1829.5261
1645.1353	1184.1586
1646.9031	841.60724
1648.6702	591.6673
1650.4365	473.13324
1652.2021	412.2001
1653.967	397.0632
1655.7313	330.5177
1657.4948	281.75726
1659.2576	240.57799
1661.0197	175.17372
1662.781	182.53958
1664.5417	104.4701
1666.3016	164.15938
1668.0609	123.0027
1669.8195	54.593826
1671.5773	46.32756
1673.3344	55.198257
1675.0908	-7.21775e-008
1676.8466	20.327372
1678.6016	-8.0258675
1680.3558	6.9344234
1682.1094	-3.5972264
1683.8623	-2.8271086
1685.6145	-12.561447
1687.366	-40.20573
1689.1167	-50.766827
1690.8667	-66.25042
1692.6161	-79.862961
1694.3647	-38.210632
1696.1127	-154.29979
1697.8599	-103.73719
1699.6064	-120.32895
